905
6474
825
140
7295
4845
1618
3458
7362
5526
461
556
4422
179
971
517
5669
255
796
623
194
988
414
4688
503
9446
9063
3695
177
466
2140
808
3154
7355
1735
2904
652
802
4910
332
4610
801
4366
921
6324
9011
5915
353
472
2549
819
732
821
990
803
173
844
2810
568
321
3756
3158
113
779
8753
183
331
372
6973
362
524
6786
604
2948
139
746
694
6326
8978
8411
431
518
3813
870
6535
3286
485
5889
2680
9584
8145
7185
7523
8957
8587
904
220
834
7798
9305
3033
283
267
579
460
1148
6247
503
601
821
400
6824
484
520
700
241
429
9848
4939
942
3757
780
7252
384
1664
5623
345
615
777
629
8733
1904
268
4371
5239
505
142
707
1258
813
378
628
8470
5472
3300
492
3569
384
4901
388
9630
568
9248
805
7416
868
268
4857
6982
6844
829
662
1644
331
7837
2690
6296
850
4769
900
6447
519
6428
9020
5018
9290
2863
451
611
672
807
327
5560
1341
571
6464
8153
1728
843
3082
579
4151
976
2863
5266
370
2117
3785
7201
9354
8705
391
131
416
363
1475
146
4851
3605
1190
658
7972
9476
373
9820
3967
6505
353
8975
402
2962
3754
4140
6447
3365
2748
5128
190
7739
781
456
961
155
480
525
9757
1436
6946
1656
4715
380
592
657
971
161
384
1056
5015
110
259
583
9475
5074
446
2046
174
676
7319
603
3173
1869
5574
8572
9299
5740
738
8385
4131
9797
889
441
412
799
1773
754
123
3363
418
682
3892
1662
8042
5900
9410
4579
421
4662
9045
825
499
967
436
780
287
606
350
4721
532
352
7179
8105
8491
774
3716
480
947
417
681
772
5011
922
4692
456
9389
2277
537
324
726
841
3581
763
344
917
215
716
7748
9335
675
3485
306
9584
971
627
936
490
514
4178
407
3263
2601
521
791
6281
5631
344
8596
476
244
9366
2552
676
7586
214
199
1176
522
6835
298
8584
121
9593
676
204
2509
4600
149
505
6999
8700
890
5186
212
2194
4374
6133
152
3291
5174
935
870
220
668
258
2048
8414
988
697
725
641
600
2463
118
9191
487
386
1940
9183
3783
2215
4256
529
8049
8466
403
986
5703
167
175
6784
658
1468
5995
8266
2849
2143
140
347
197
463
9606
9347
1427
464
154
504
8008
936
760
770
271
2405
551
2923
2246
192
241
9301
594
493
4664
225
9527
703
111
7023
982
9906
538
9130
9461
444
508
640
842
554
963
190
380
8507
3419
9105
9218
984
6016
610
2081
4714
9833
2586
5119
8145
505
196
184
3128
9473
138
6979
895
3373
6786
6500
934
6975
396
9417
882
7794
3642
824
1933
7398
571
2775
594
2259
885
2069
4028
3699
682
534
7056
3645
5142
1120
811
793
5833
5199
378
2839
6862
5314
3035
972
703
226
3719
954
745
6946
825
5648
417
5694
3108
6721
9962
4396
493
814
943
3164
1602
5168
7975
3374
6921
1727
4507
7343
830
405
5517
2245
2353
900
532
2492
743
3821
5426
619
639
815
5265
9161
3472
990
846
4159
8338
706
706
839
154
389
5473
397
457
8640
9456
269
412
9015
569
959
1742
951
2229
165
2353
516
3295
7609
953
4838
2662
6314
804
256
398
3164
2737
130
758
299
235
4305
786
110
2610
7725
981
799
568
102
9384
448
750
8049
787
7431
158
9966
151
623
2531
431
1427
6889
5512
8199
9152
451
6853
9844
136
984
1969
6298
552
3210
670
161
2072
8742
418
2496
227
6530
240
1565
7067
514
861
664
569
528
2330
1937
7964
542
6912
5140
480
1577
6998
5536
8017
291
766
651
277
9998
5241
7251
3721
550
9168
1363
643
4477
1776
978
827
103
810
5914
4523
288
9580
690
6442
593
1873
5125
6602
976
4344
4333
9084
6397
4870
433
257
5728
7829
1651
7874
5388
113
288
9055
5700
6114
880
1534
230
8802
1967
8207
8795
447
4422
155
1570
7512
946
767
114
3779
9010
384
7752
7922
383
1267
9867
2023
940
182
1955
9843
252
586
6548
4105
906
159
9984
5784
896
3444
9354
8490
6837
7659
611
967
6946
4473
4653
611
373
8242
9205
331
2554
891
9817
754
457
6185
3056
321
6916
9691
987
8270
3064
190
287
9758
5101
9814
288
7685
164
565
9848
4182
101
6413
4358
1520
486
2338
685
8654
843
9387
272
5362
851
412
9374
601
425
696
738
4402
8868
882
2046
471
5689
7602
6706
4910
9390
699
1690
2677
933
597
1106
326
701
359
5598
5030
885
2571
473
8166
430
8853
3925
733
8189
519
235
672
7704
661
9469
8703
3036
4788
4453
669
1903
982
222
3047
9614
4482
300
171
428
773
793
887
1222
9966
517
877
6656
2028
3439
6080
4641
3121
470
319
1328
517
4373
2646
2257
7343
9496
8180
435
8158
7161
390
2545
8268
548
526
298
6126
656
222
7136
1403
5271
1043
375
802
863
5071
8166
6520
157
160
718
309
433
634
3835
3974
628
730
534
9439
755
815
648
8237
914
123
6694
7135
192
726
860
2237
501
123
702
105
788
2994
886
1471
194
523
8116
3557
6316
6704
444
218
878
247
372
928
9620
5571
154
658
788
506
5982
863
276
6737
377
7360
332
5168
445
5660
835
596
6441
855
3570
634
492
351
470
433
856
6244
449
393
5276
707
8175
759
8187
995
344
165
973
941
1099
561
2488
966
115
332
2978
790
4880
3822
6338
842
334
880
7199
2895
790
773
806
